<1.0, 0.0, -0.0>,<0.0, 1.0, 0.0>,<0.0, -0.0, 1.0>,<0.0, 0.0, 0.0>,
<0.9945218953682733, 0.010926199633097178, -0.10395584540887964>,<0.0, 0.9945218953682733, 0.10452846326765346>,<0.10452846326765346, -0.10395584540887964, 0.9890738003669027>,<0.026167953513749988, 0.026167953513749988, 0.0013714043320374916>,
<0.9781476007338057, 0.043227271178699546, -0.2033683215379001>,<0.0, 0.9781476007338057, 0.20791169081775931>,<0.20791169081775931, -0.2033683215379001, 0.9567727288213006>,<0.05226344311091125, 0.05226344311091125, 0.005493109220523513>,
<0.9510565162951535, 0.09549150281252627, -0.2938926261462365>,<0.0, 0.9510565162951535, 0.3090169943749474>,<0.3090169943749474, -0.2938926261462365, 0.9045084971874736>,<0.07821123112273475, 0.07821123112273475, 0.012387442068467296>,
<0.9135454576426009, 0.16543469682057085, -0.37157241273869707>,<0.0, 0.9135454576426009, 0.40673664307580015>,<0.40673664307580015, -0.37157241273869707, 0.834565303179429>,<0.10393047620834478, 0.10393047620834478, 0.022091104675573802>,
<0.8660254037844387, 0.24999999999999994, -0.4330127018922193>,<0.0, 0.8660254037844387, 0.49999999999999994>,<0.49999999999999994, -0.4330127018922193, 0.7500000000000001>,<0.12933179371003398, 0.12933179371003398, 0.03465434968027216>,
<0.8090169943749475, 0.3454915028125263, -0.4755282581475768>,<0.0, 0.8090169943749475, 0.5877852522924731>,<0.5877852522924731, -0.4755282581475768, 0.6545084971874737>,<0.1543141585244955, 0.1543141585244955, 0.05013970951221563>,
<0.7431448254773942, 0.4477357683661733, -0.4972609476841367>,<0.0, 0.7431448254773942, 0.6691306063588582>,<0.6691306063588582, -0.4972609476841367, 0.5522642316338268>,<0.17876161291021342, 0.17876161291021342, 0.0686201540411536>,
<0.6691306063588582, 0.5522642316338265, -0.49726094768413664>,<0.0, 0.6691306063588582, 0.7431448254773941>,<0.7431448254773941, -0.49726094768413664, 0.4477357683661733>,<0.20253975810767616, 0.20253975810767616, 0.09017651022498956>,
<0.5877852522924731, 0.6545084971874737, -0.4755282581475768>,<0.0, 0.5877852522924731, 0.8090169943749475>,<0.8090169943749475, -0.4755282581475768, 0.3454915028125263>,<0.22549203407813023, 0.22549203407813023, 0.11489393002107236>,
<0.5000000000000001, 0.7499999999999999, -0.4330127018922194>,<0.0, 0.5000000000000001, 0.8660254037844386>,<0.8660254037844386, -0.4330127018922194, 0.2500000000000001>,<0.24743582965269673, 0.24743582965269673, 0.14285714285714282>,
<0.4067366430758002, 0.834565303179429, -0.3715724127386971>,<0.0, 0.4067366430758002, 0.9135454576426009>,<0.9135454576426009, -0.3715724127386971, 0.16543469682057088>,<0.2681585204126019, 0.2681585204126019, 0.1741441793365533>,
<0.30901699437494745, 0.9045084971874736, -0.29389262614623657>,<0.0, 0.30901699437494745, 0.9510565162951535>,<0.9510565162951535, -0.29389262614623657, 0.0954915028125263>,<0.28741360890919276, 0.28741360890919276, 0.208818210000029>,
<0.20791169081775945, 0.9567727288213004, -0.20336832153790022>,<0.0, 0.20791169081775945, 0.9781476007338056>,<0.9781476007338056, -0.20336832153790022, 0.0432272711786996>,<0.30491724679754406, 0.30491724679754406, 0.24691711790243254>,
<0.10452846326765346, 0.9890738003669027, -0.10395584540887964>,<0.0, 0.10452846326765346, 0.9945218953682733>,<0.9945218953682733, -0.10395584540887964, 0.010926199633097178>,<0.320345555576416, 0.320345555576416, 0.2884404338138434>,
<6.123233995736766e-17, 1.0, -6.123233995736766e-17>,<0.0, 6.123233995736766e-17, 1.0>,<1.0, -6.123233995736766e-17, 3.749399456654644e-33>,<0.3333333333333333, 0.3333333333333333, 0.3333333333333333>,
<-0.10452846326765333, 0.989073800366903, 0.10395584540887953>,<0.0, -0.10452846326765333, 0.9945218953682734>,<0.9945218953682734, 0.10395584540887953, 0.010926199633097152>,<0.34347493413478014, 0.34347493413478014, 0.3814675603802195>,
<-0.20791169081775934, 0.9567727288213006, 0.20336832153790013>,<0.0, -0.20791169081775934, 0.9781476007338057>,<0.9781476007338057, 0.20336832153790013, 0.04322727117869955>,<0.3503283178819977, 0.3503283178819977, 0.43261944360618665>,
<-0.30901699437494734, 0.9045084971874738, 0.2938926261462365>,<0.0, -0.30901699437494734, 0.9510565162951536>,<0.9510565162951536, 0.2938926261462365, 0.09549150281252623>,<0.35342345689553895, 0.35342345689553895, 0.48644565634144293>,
<-0.4067366430758001, 0.8345653031794292, 0.37157241273869707>,<0.0, -0.4067366430758001, 0.913545457642601>,<0.913545457642601, 0.37157241273869707, 0.1654346968205708>,<0.3522763915216589, 0.3522763915216589, 0.5424580728832311>,
<-0.4999999999999998, 0.7500000000000001, 0.4330127018922192>,<0.0, -0.4999999999999998, 0.8660254037844387>,<0.8660254037844387, 0.4330127018922192, 0.24999999999999978>,<0.34641016151377557, 0.34641016151377557, 0.5999999999999999>,
<-0.587785252292473, 0.6545084971874737, 0.4755282581475767>,<0.0, -0.587785252292473, 0.8090169943749475>,<0.8090169943749475, 0.4755282581475767, 0.34549150281252616>,<0.3353834873714312, 0.3353834873714312, 0.6582271556881248>,
<-0.6691306063588582, 0.5522642316338268, 0.4972609476841367>,<0.0, -0.6691306063588582, 0.7431448254773942>,<0.7431448254773942, 0.4972609476841367, 0.4477357683661733>,<0.3188273128922504, 0.3188273128922504, 0.7160978692810601>,
<-0.7431448254773941, 0.44773576836617346, 0.4972609476841367>,<0.0, -0.7431448254773941, 0.6691306063588583>,<0.6691306063588583, 0.4972609476841367, 0.5522642316338265>,<0.29648805732534433, 0.29648805732534433, 0.7723777959505632>,
<-0.8090169943749473, 0.34549150281252644, 0.4755282581475768>,<0.0, -0.8090169943749473, 0.5877852522924732>,<0.5877852522924732, 0.4755282581475768, 0.6545084971874736>,<0.2682746743281048, 0.2682746743281048, 0.8256645486206605>,
<-0.8660254037844387, 0.24999999999999994, 0.4330127018922193>,<0.0, -0.8660254037844387, 0.49999999999999994>,<0.49999999999999994, 0.4330127018922193, 0.7500000000000001>,<0.2343045699263296, 0.2343045699263296, 0.8744365594106371>,
<-0.9135454576426008, 0.16543469682057108, 0.3715724127386973>,<0.0, -0.9135454576426008, 0.40673664307580043>,<0.40673664307580043, 0.3715724127386973, 0.8345653031794289>,<0.19494153110867465, 0.19494153110867465, 0.9171277968417009>,
<-0.9510565162951535, 0.09549150281252634, 0.2938926261462366>,<0.0, -0.9510565162951535, 0.3090169943749475>,<0.3090169943749475, 0.2938926261462366, 0.9045084971874736>,<0.15081772476036817, 0.15081772476036817, 0.9522256381456181>,
<-0.9781476007338057, 0.043227271178699546, 0.2033683215379001>,<0.0, -0.9781476007338057, 0.20791169081775931>,<0.20791169081775931, 0.2033683215379001, 0.9567727288213006>,<0.10283227939547822, 0.10283227939547822, 0.9783837838270236>,
<-0.9945218953682733, 0.010926199633097235, 0.10395584540887992>,<0.0, -0.9945218953682733, 0.10452846326765373>,<0.10452846326765373, 0.10395584540887992, 0.9890738003669027>,<0.05212146820563203, 0.05212146820563203, 0.9945368591967423>,
<-1.0, 1.4997597826618576e-32, 1.2246467991473532e-16>,<0.0, -1.0, 1.2246467991473532e-16>,<1.2246467991473532e-16, 1.2246467991473532e-16, 1.0>,<-6.123233995736766e-17, -6.123233995736766e-17, -1.0>,
<-0.9945218953682733, 0.010926199633097187, -0.10395584540887969>,<0.0, -0.9945218953682733, -0.1045284632676535>,<-0.1045284632676535, -0.10395584540887969, 0.9890738003669027>,<-0.05212146820563192, -0.05212146820563192, 0.9945368591967425>,
<-0.9781476007338057, 0.04322727117869944, -0.20336832153789985>,<0.0, -0.9781476007338057, -0.20791169081775907>,<-0.20791169081775907, -0.20336832153789985, 0.9567727288213006>,<-0.10283227939547812, -0.10283227939547812, 0.9783837838270238>,
<-0.9510565162951536, 0.0954915028125262, -0.29389262614623646>,<0.0, -0.9510565162951536, -0.3090169943749473>,<-0.3090169943749473, -0.29389262614623646, 0.9045084971874738>,<-0.15081772476036806, -0.15081772476036806, 0.9522256381456181>,
<-0.9135454576426009, 0.16543469682057088, -0.3715724127386971>,<0.0, -0.9135454576426009, -0.4067366430758002>,<-0.4067366430758002, -0.3715724127386971, 0.834565303179429>,<-0.19494153110867457, -0.19494153110867457, 0.917127796841701>,
<-0.8660254037844388, 0.24999999999999972, -0.4330127018922192>,<0.0, -0.8660254037844388, -0.4999999999999997>,<-0.4999999999999997, -0.4330127018922192, 0.7500000000000003>,<-0.23430456992632948, -0.23430456992632948, 0.874436559410637>,
<-0.8090169943749475, 0.34549150281252616, -0.4755282581475767>,<0.0, -0.8090169943749475, -0.587785252292473>,<-0.587785252292473, -0.4755282581475767, 0.6545084971874737>,<-0.2682746743281047, -0.2682746743281047, 0.8256645486206605>,
<-0.7431448254773942, 0.4477357683661733, -0.4972609476841367>,<0.0, -0.7431448254773942, -0.6691306063588582>,<-0.6691306063588582, -0.4972609476841367, 0.5522642316338268>,<-0.2964880573253443, -0.2964880573253443, 0.7723777959505633>,
<-0.6691306063588585, 0.5522642316338264, -0.4972609476841367>,<0.0, -0.6691306063588585, -0.743144825477394>,<-0.743144825477394, -0.4972609476841367, 0.44773576836617357>,<-0.3188273128922503, -0.3188273128922503, 0.7160978692810602>,
<-0.5877852522924732, 0.6545084971874736, -0.4755282581475768>,<0.0, -0.5877852522924732, -0.8090169943749473>,<-0.8090169943749473, -0.4755282581475768, 0.34549150281252644>,<-0.3353834873714312, -0.3353834873714312, 0.658227155688125>,
<-0.5000000000000004, 0.7499999999999997, -0.43301270189221963>,<0.0, -0.5000000000000004, -0.8660254037844385>,<-0.8660254037844385, -0.43301270189221963, 0.25000000000000044>,<-0.34641016151377546, -0.34641016151377546, 0.6000000000000003>,
<-0.4067366430758001, 0.8345653031794292, -0.37157241273869707>,<0.0, -0.4067366430758001, -0.913545457642601>,<-0.913545457642601, -0.37157241273869707, 0.1654346968205708>,<-0.3522763915216589, -0.3522763915216589, 0.5424580728832311>,
<-0.30901699437494756, 0.9045084971874736, -0.2938926261462367>,<0.0, -0.30901699437494756, -0.9510565162951535>,<-0.9510565162951535, -0.2938926261462367, 0.09549150281252637>,<-0.353423456895539, -0.353423456895539, 0.48644565634144293>,
<-0.2079116908177598, 0.9567727288213004, -0.20336832153790052>,<0.0, -0.2079116908177598, -0.9781476007338056>,<-0.9781476007338056, -0.20336832153790052, 0.04322727117869974>,<-0.35032831788199775, -0.35032831788199775, 0.4326194436061868>,
<-0.10452846326765336, 0.989073800366903, -0.10395584540887956>,<0.0, -0.10452846326765336, -0.9945218953682734>,<-0.9945218953682734, -0.10395584540887956, 0.010926199633097157>,<-0.34347493413478014, -0.34347493413478014, 0.3814675603802195>,
<-1.8369701987210297e-16, 1.0, -1.8369701987210297e-16>,<0.0, -1.8369701987210297e-16, -1.0>,<-1.0, -1.8369701987210297e-16, 3.374459510989179e-32>,<-0.3333333333333333, -0.3333333333333333, 0.33333333333333337>,
<0.10452846326765299, 0.989073800366903, 0.10395584540887919>,<0.0, 0.10452846326765299, -0.9945218953682734>,<-0.9945218953682734, 0.10395584540887919, 0.01092619963309708>,<-0.32034555557641603, -0.32034555557641603, 0.2884404338138436>,
<0.20791169081775943, 0.9567727288213004, 0.2033683215379002>,<0.0, 0.20791169081775943, -0.9781476007338056>,<-0.9781476007338056, 0.2033683215379002, 0.04322727117869959>,<-0.30491724679754406, -0.30491724679754406, 0.24691711790243254>,
<0.30901699437494723, 0.9045084971874738, 0.2938926261462364>,<0.0, 0.30901699437494723, -0.9510565162951536>,<-0.9510565162951536, 0.2938926261462364, 0.09549150281252616>,<-0.28741360890919276, -0.28741360890919276, 0.2088182100000291>,
<0.40673664307579976, 0.8345653031794295, 0.3715724127386968>,<0.0, 0.40673664307579976, -0.9135454576426011>,<-0.9135454576426011, 0.3715724127386968, 0.16543469682057052>,<-0.26815852041260196, -0.26815852041260196, 0.17414417933655346>,
<0.5000000000000001, 0.7499999999999999, 0.4330127018922194>,<0.0, 0.5000000000000001, -0.8660254037844386>,<-0.8660254037844386, 0.4330127018922194, 0.2500000000000001>,<-0.24743582965269673, -0.24743582965269673, 0.14285714285714282>,
<0.5877852522924729, 0.654508497187474, 0.4755282581475767>,<0.0, 0.5877852522924729, -0.8090169943749476>,<-0.8090169943749476, 0.4755282581475767, 0.34549150281252605>,<-0.2254920340781303, -0.2254920340781303, 0.11489393002107244>,
<0.6691306063588578, 0.5522642316338272, 0.4972609476841366>,<0.0, 0.6691306063588578, -0.7431448254773946>,<-0.7431448254773946, 0.4972609476841366, 0.4477357683661727>,<-0.20253975810767627, -0.20253975810767627, 0.09017651022498968>,
<0.7431448254773942, 0.4477357683661731, 0.4972609476841366>,<0.0, 0.7431448254773942, -0.6691306063588581>,<-0.6691306063588581, 0.4972609476841366, 0.5522642316338268>,<-0.1787616129102134, -0.1787616129102134, 0.06862015404115357>,
<0.8090169943749473, 0.34549150281252655, 0.47552825814757693>,<0.0, 0.8090169943749473, -0.5877852522924734>,<-0.5877852522924734, 0.47552825814757693, 0.6545084971874736>,<-0.15431415852449554, -0.15431415852449554, 0.05013970951221567>,
<0.8660254037844384, 0.25000000000000044, 0.4330127018922196>,<0.0, 0.8660254037844384, -0.5000000000000004>,<-0.5000000000000004, 0.4330127018922196, 0.7499999999999996>,<-0.12933179371003414, -0.12933179371003414, 0.03465434968027224>,
<0.913545457642601, 0.16543469682057085, 0.3715724127386971>,<0.0, 0.913545457642601, -0.40673664307580015>,<-0.40673664307580015, 0.3715724127386971, 0.8345653031794292>,<-0.1039304762083448, -0.1039304762083448, 0.022091104675573802>,
<0.9510565162951535, 0.09549150281252641, 0.29389262614623674>,<0.0, 0.9510565162951535, -0.3090169943749476>,<-0.3090169943749476, 0.29389262614623674, 0.9045084971874736>,<-0.07821123112273477, -0.07821123112273477, 0.012387442068467312>,
<0.9781476007338056, 0.043227271178699775, 0.2033683215379006>,<0.0, 0.9781476007338056, -0.20791169081775987>,<-0.20791169081775987, 0.2033683215379006, 0.9567727288213004>,<-0.052263443110911384, -0.052263443110911384, 0.005493109220523542>,
<0.9945218953682733, 0.01092619963309717, 0.1039558454088796>,<0.0, 0.9945218953682733, -0.10452846326765342>,<-0.10452846326765342, 0.1039558454088796, 0.9890738003669027>,<-0.026167953513749974, -0.026167953513749974, 0.0013714043320374905>,
