<1.0, 0.0, -0.0>,<0.0, 1.0, 0.0>,<0.0, -0.0, 1.0>,<0.0, 0.0, 0.0>,
<0.9945218953682733, 0.0, -0.10452846326765346>,<0.010926199633097178, 0.9945218953682733, 0.10395584540887964>,<0.10395584540887964, -0.10452846326765346, 0.9890738003669027>,<0.026167953513749988, 0.026167953513749988, -0.0013714043320374916>,
<0.9781476007338057, 0.0, -0.20791169081775931>,<0.043227271178699546, 0.9781476007338057, 0.2033683215379001>,<0.2033683215379001, -0.20791169081775931, 0.9567727288213006>,<0.05226344311091125, 0.05226344311091125, -0.005493109220523513>,
<0.9510565162951535, 0.0, -0.3090169943749474>,<0.09549150281252627, 0.9510565162951535, 0.2938926261462365>,<0.2938926261462365, -0.3090169943749474, 0.9045084971874736>,<0.07821123112273475, 0.07821123112273475, -0.012387442068467296>,
<0.9135454576426009, 0.0, -0.40673664307580015>,<0.16543469682057085, 0.9135454576426009, 0.37157241273869707>,<0.37157241273869707, -0.40673664307580015, 0.834565303179429>,<0.10393047620834478, 0.10393047620834478, -0.022091104675573802>,
<0.8660254037844387, 0.0, -0.49999999999999994>,<0.24999999999999994, 0.8660254037844387, 0.4330127018922193>,<0.4330127018922193, -0.49999999999999994, 0.7500000000000001>,<0.12933179371003398, 0.12933179371003398, -0.03465434968027216>,
<0.8090169943749475, 0.0, -0.5877852522924731>,<0.3454915028125263, 0.8090169943749475, 0.4755282581475768>,<0.4755282581475768, -0.5877852522924731, 0.6545084971874737>,<0.1543141585244955, 0.1543141585244955, -0.05013970951221563>,
<0.7431448254773942, 0.0, -0.6691306063588582>,<0.4477357683661733, 0.7431448254773942, 0.4972609476841367>,<0.4972609476841367, -0.6691306063588582, 0.5522642316338268>,<0.17876161291021342, 0.17876161291021342, -0.0686201540411536>,
<0.6691306063588582, 0.0, -0.7431448254773941>,<0.5522642316338265, 0.6691306063588582, 0.49726094768413664>,<0.49726094768413664, -0.7431448254773941, 0.4477357683661733>,<0.20253975810767616, 0.20253975810767616, -0.09017651022498956>,
<0.5877852522924731, 0.0, -0.8090169943749475>,<0.6545084971874737, 0.5877852522924731, 0.4755282581475768>,<0.4755282581475768, -0.8090169943749475, 0.3454915028125263>,<0.22549203407813023, 0.22549203407813023, -0.11489393002107236>,
<0.5000000000000001, 0.0, -0.8660254037844386>,<0.7499999999999999, 0.5000000000000001, 0.4330127018922194>,<0.4330127018922194, -0.8660254037844386, 0.2500000000000001>,<0.24743582965269673, 0.24743582965269673, -0.14285714285714282>,
<0.4067366430758002, 0.0, -0.9135454576426009>,<0.834565303179429, 0.4067366430758002, 0.3715724127386971>,<0.3715724127386971, -0.9135454576426009, 0.16543469682057088>,<0.2681585204126019, 0.2681585204126019, -0.1741441793365533>,
<0.30901699437494745, 0.0, -0.9510565162951535>,<0.9045084971874736, 0.30901699437494745, 0.29389262614623657>,<0.29389262614623657, -0.9510565162951535, 0.0954915028125263>,<0.28741360890919276, 0.28741360890919276, -0.208818210000029>,
<0.20791169081775945, 0.0, -0.9781476007338056>,<0.9567727288213004, 0.20791169081775945, 0.20336832153790022>,<0.20336832153790022, -0.9781476007338056, 0.0432272711786996>,<0.30491724679754406, 0.30491724679754406, -0.24691711790243254>,
<0.10452846326765346, 0.0, -0.9945218953682733>,<0.9890738003669027, 0.10452846326765346, 0.10395584540887964>,<0.10395584540887964, -0.9945218953682733, 0.010926199633097178>,<0.320345555576416, 0.320345555576416, -0.2884404338138434>,
<6.123233995736766e-17, 0.0, -1.0>,<1.0, 6.123233995736766e-17, 6.123233995736766e-17>,<6.123233995736766e-17, -1.0, 3.749399456654644e-33>,<0.3333333333333333, 0.3333333333333333, -0.3333333333333333>,
<-0.10452846326765333, 0.0, -0.9945218953682734>,<0.989073800366903, -0.10452846326765333, -0.10395584540887953>,<-0.10395584540887953, -0.9945218953682734, 0.010926199633097152>,<0.34347493413478014, 0.34347493413478014, -0.38146756038021945>,
<-0.20791169081775934, 0.0, -0.9781476007338057>,<0.9567727288213006, -0.20791169081775934, -0.20336832153790013>,<-0.20336832153790013, -0.9781476007338057, 0.04322727117869955>,<0.3503283178819977, 0.3503283178819977, -0.4326194436061866>,
<-0.30901699437494734, 0.0, -0.9510565162951536>,<0.9045084971874738, -0.30901699437494734, -0.2938926261462365>,<-0.2938926261462365, -0.9510565162951536, 0.09549150281252623>,<0.35342345689553895, 0.35342345689553895, -0.4864456563414429>,
<-0.4067366430758001, 0.0, -0.913545457642601>,<0.8345653031794292, -0.4067366430758001, -0.37157241273869707>,<-0.37157241273869707, -0.913545457642601, 0.1654346968205708>,<0.3522763915216589, 0.3522763915216589, -0.5424580728832312>,
<-0.4999999999999998, 0.0, -0.8660254037844387>,<0.7500000000000001, -0.4999999999999998, -0.4330127018922192>,<-0.4330127018922192, -0.8660254037844387, 0.24999999999999978>,<0.3464101615137756, 0.3464101615137756, -0.6>,
<-0.587785252292473, 0.0, -0.8090169943749475>,<0.6545084971874737, -0.587785252292473, -0.4755282581475767>,<-0.4755282581475767, -0.8090169943749475, 0.34549150281252616>,<0.33538348737143114, 0.33538348737143114, -0.6582271556881246>,
<-0.6691306063588582, 0.0, -0.7431448254773942>,<0.5522642316338268, -0.6691306063588582, -0.4972609476841367>,<-0.4972609476841367, -0.7431448254773942, 0.4477357683661733>,<0.31882731289225047, 0.31882731289225047, -0.7160978692810602>,
<-0.7431448254773941, 0.0, -0.6691306063588583>,<0.44773576836617346, -0.7431448254773941, -0.4972609476841367>,<-0.4972609476841367, -0.6691306063588583, 0.5522642316338265>,<0.29648805732534433, 0.29648805732534433, -0.7723777959505631>,
<-0.8090169943749473, 0.0, -0.5877852522924732>,<0.34549150281252644, -0.8090169943749473, -0.4755282581475768>,<-0.4755282581475768, -0.5877852522924732, 0.6545084971874736>,<0.26827467432810487, 0.26827467432810487, -0.8256645486206607>,
<-0.8660254037844387, 0.0, -0.49999999999999994>,<0.24999999999999994, -0.8660254037844387, -0.4330127018922193>,<-0.4330127018922193, -0.49999999999999994, 0.7500000000000001>,<0.23430456992632961, 0.23430456992632961, -0.8744365594106371>,
<-0.9135454576426008, 0.0, -0.40673664307580043>,<0.16543469682057108, -0.9135454576426008, -0.3715724127386973>,<-0.3715724127386973, -0.40673664307580043, 0.8345653031794289>,<0.19494153110867463, 0.19494153110867463, -0.9171277968417006>,
<-0.9510565162951535, 0.0, -0.3090169943749475>,<0.09549150281252634, -0.9510565162951535, -0.2938926261462366>,<-0.2938926261462366, -0.3090169943749475, 0.9045084971874736>,<0.15081772476036823, 0.15081772476036823, -0.9522256381456186>,
<-0.9781476007338057, 0.0, -0.20791169081775931>,<0.043227271178699546, -0.9781476007338057, -0.2033683215379001>,<-0.2033683215379001, -0.20791169081775931, 0.9567727288213006>,<0.10283227939547822, 0.10283227939547822, -0.9783837838270237>,
<-0.9945218953682733, 0.0, -0.10452846326765373>,<0.010926199633097235, -0.9945218953682733, -0.10395584540887992>,<-0.10395584540887992, -0.10452846326765373, 0.9890738003669027>,<0.052121468205632036, 0.052121468205632036, -0.9945368591967424>,
<-1.0, 0.0, -1.2246467991473532e-16>,<1.4997597826618576e-32, -1.0, -1.2246467991473532e-16>,<-1.2246467991473532e-16, -1.2246467991473532e-16, 1.0>,<6.123233995736766e-17, 6.123233995736766e-17, -1.0>,
<-0.9945218953682733, 0.0, 0.1045284632676535>,<0.010926199633097187, -0.9945218953682733, 0.10395584540887969>,<0.10395584540887969, 0.1045284632676535, 0.9890738003669027>,<-0.052121468205631905, -0.052121468205631905, -0.9945368591967422>,
<-0.9781476007338057, 0.0, 0.20791169081775907>,<0.04322727117869944, -0.9781476007338057, 0.20336832153789985>,<0.20336832153789985, 0.20791169081775907, 0.9567727288213006>,<-0.10283227939547812, -0.10283227939547812, -0.978383783827024>,
<-0.9510565162951536, 0.0, 0.3090169943749473>,<0.0954915028125262, -0.9510565162951536, 0.29389262614623646>,<0.29389262614623646, 0.3090169943749473, 0.9045084971874738>,<-0.15081772476036812, -0.15081772476036812, -0.9522256381456186>,
<-0.9135454576426009, 0.0, 0.4067366430758002>,<0.16543469682057088, -0.9135454576426009, 0.3715724127386971>,<0.3715724127386971, 0.4067366430758002, 0.834565303179429>,<-0.19494153110867452, -0.19494153110867452, -0.9171277968417006>,
<-0.8660254037844388, 0.0, 0.4999999999999997>,<0.24999999999999972, -0.8660254037844388, 0.4330127018922192>,<0.4330127018922192, 0.4999999999999997, 0.7500000000000003>,<-0.23430456992632961, -0.23430456992632961, -0.8744365594106374>,
<-0.8090169943749475, 0.0, 0.587785252292473>,<0.34549150281252616, -0.8090169943749475, 0.4755282581475767>,<0.4755282581475767, 0.587785252292473, 0.6545084971874737>,<-0.26827467432810476, -0.26827467432810476, -0.8256645486206607>,
<-0.7431448254773942, 0.0, 0.6691306063588582>,<0.4477357683661733, -0.7431448254773942, 0.4972609476841367>,<0.4972609476841367, 0.6691306063588582, 0.5522642316338268>,<-0.2964880573253443, -0.2964880573253443, -0.7723777959505633>,
<-0.6691306063588585, 0.0, 0.743144825477394>,<0.5522642316338264, -0.6691306063588585, 0.4972609476841367>,<0.4972609476841367, 0.743144825477394, 0.44773576836617357>,<-0.31882731289225047, -0.31882731289225047, -0.7160978692810605>,
<-0.5877852522924732, 0.0, 0.8090169943749473>,<0.6545084971874736, -0.5877852522924732, 0.4755282581475768>,<0.4755282581475768, 0.8090169943749473, 0.34549150281252644>,<-0.33538348737143125, -0.33538348737143125, -0.658227155688125>,
<-0.5000000000000004, 0.0, 0.8660254037844385>,<0.7499999999999997, -0.5000000000000004, 0.43301270189221963>,<0.43301270189221963, 0.8660254037844385, 0.25000000000000044>,<-0.3464101615137754, -0.3464101615137754, -0.6000000000000002>,
<-0.4067366430758001, 0.0, 0.913545457642601>,<0.8345653031794292, -0.4067366430758001, 0.37157241273869707>,<0.37157241273869707, 0.913545457642601, 0.1654346968205708>,<-0.3522763915216589, -0.3522763915216589, -0.5424580728832312>,
<-0.30901699437494756, 0.0, 0.9510565162951535>,<0.9045084971874736, -0.30901699437494756, 0.2938926261462367>,<0.2938926261462367, 0.9510565162951535, 0.09549150281252637>,<-0.3534234568955389, -0.3534234568955389, -0.48644565634144277>,
<-0.2079116908177598, 0.0, 0.9781476007338056>,<0.9567727288213004, -0.2079116908177598, 0.20336832153790052>,<0.20336832153790052, 0.9781476007338056, 0.04322727117869974>,<-0.3503283178819979, -0.3503283178819979, -0.4326194436061871>,
<-0.10452846326765336, 0.0, 0.9945218953682734>,<0.989073800366903, -0.10452846326765336, 0.10395584540887956>,<0.10395584540887956, 0.9945218953682734, 0.010926199633097157>,<-0.34347493413478014, -0.34347493413478014, -0.38146756038021945>,
<-1.8369701987210297e-16, 0.0, 1.0>,<1.0, -1.8369701987210297e-16, 1.8369701987210297e-16>,<1.8369701987210297e-16, 1.0, 3.374459510989179e-32>,<-0.3333333333333334, -0.3333333333333334, -0.3333333333333335>,
<0.10452846326765299, 0.0, 0.9945218953682734>,<0.989073800366903, 0.10452846326765299, -0.10395584540887919>,<-0.10395584540887919, 0.9945218953682734, 0.01092619963309708>,<-0.32034555557641603, -0.32034555557641603, -0.2884404338138436>,
<0.20791169081775943, 0.0, 0.9781476007338056>,<0.9567727288213004, 0.20791169081775943, -0.2033683215379002>,<-0.2033683215379002, 0.9781476007338056, 0.04322727117869959>,<-0.30491724679754406, -0.30491724679754406, -0.24691711790243254>,
<0.30901699437494723, 0.0, 0.9510565162951536>,<0.9045084971874738, 0.30901699437494723, -0.2938926261462364>,<-0.2938926261462364, 0.9510565162951536, 0.09549150281252616>,<-0.28741360890919276, -0.28741360890919276, -0.2088182100000291>,
<0.40673664307579976, 0.0, 0.9135454576426011>,<0.8345653031794295, 0.40673664307579976, -0.3715724127386968>,<-0.3715724127386968, 0.9135454576426011, 0.16543469682057052>,<-0.26815852041260196, -0.26815852041260196, -0.17414417933655346>,
<0.5000000000000001, 0.0, 0.8660254037844386>,<0.7499999999999999, 0.5000000000000001, -0.4330127018922194>,<-0.4330127018922194, 0.8660254037844386, 0.2500000000000001>,<-0.24743582965269673, -0.24743582965269673, -0.14285714285714282>,
<0.5877852522924729, 0.0, 0.8090169943749476>,<0.654508497187474, 0.5877852522924729, -0.4755282581475767>,<-0.4755282581475767, 0.8090169943749476, 0.34549150281252605>,<-0.2254920340781303, -0.2254920340781303, -0.11489393002107244>,
<0.6691306063588578, 0.0, 0.7431448254773946>,<0.5522642316338272, 0.6691306063588578, -0.4972609476841366>,<-0.4972609476841366, 0.7431448254773946, 0.4477357683661727>,<-0.20253975810767627, -0.20253975810767627, -0.09017651022498968>,
<0.7431448254773942, 0.0, 0.6691306063588581>,<0.4477357683661731, 0.7431448254773942, -0.4972609476841366>,<-0.4972609476841366, 0.6691306063588581, 0.5522642316338268>,<-0.1787616129102134, -0.1787616129102134, -0.06862015404115357>,
<0.8090169943749473, 0.0, 0.5877852522924734>,<0.34549150281252655, 0.8090169943749473, -0.47552825814757693>,<-0.47552825814757693, 0.5877852522924734, 0.6545084971874736>,<-0.15431415852449554, -0.15431415852449554, -0.05013970951221567>,
<0.8660254037844384, 0.0, 0.5000000000000004>,<0.25000000000000044, 0.8660254037844384, -0.4330127018922196>,<-0.4330127018922196, 0.5000000000000004, 0.7499999999999996>,<-0.12933179371003414, -0.12933179371003414, -0.03465434968027224>,
<0.913545457642601, 0.0, 0.40673664307580015>,<0.16543469682057085, 0.913545457642601, -0.3715724127386971>,<-0.3715724127386971, 0.40673664307580015, 0.8345653031794292>,<-0.1039304762083448, -0.1039304762083448, -0.022091104675573802>,
<0.9510565162951535, 0.0, 0.3090169943749476>,<0.09549150281252641, 0.9510565162951535, -0.29389262614623674>,<-0.29389262614623674, 0.3090169943749476, 0.9045084971874736>,<-0.07821123112273477, -0.07821123112273477, -0.012387442068467312>,
<0.9781476007338056, 0.0, 0.20791169081775987>,<0.043227271178699775, 0.9781476007338056, -0.2033683215379006>,<-0.2033683215379006, 0.20791169081775987, 0.9567727288213004>,<-0.052263443110911384, -0.052263443110911384, -0.005493109220523542>,
<0.9945218953682733, 0.0, 0.10452846326765342>,<0.01092619963309717, 0.9945218953682733, -0.1039558454088796>,<-0.1039558454088796, 0.10452846326765342, 0.9890738003669027>,<-0.026167953513749974, -0.026167953513749974, -0.0013714043320374905>,
